 &plot nbnd=  25, nks=    71 /
            0.000000  0.000000  0.000000
  -89.041  -49.654  -49.331  -49.331  -17.458   -6.029   -4.549   -2.895   -2.895   -0.039
    9.003    9.003    9.703   10.133   11.207   12.161   12.169   12.169   12.332   12.476
   13.807   13.807   17.124   18.425   18.883
            0.050000  0.000000  0.000000
  -89.041  -49.655  -49.330  -49.325  -17.453   -6.091   -4.694   -2.892   -2.638   -0.034
    8.964    8.981    9.688   10.116   11.237   12.170   12.184   12.186   12.337   12.481
   13.711   13.798   17.123   18.388   18.867
            0.100000  0.000000  0.000000
  -89.041  -49.654  -49.326  -49.325  -17.437   -6.285   -4.937   -2.884   -2.052   -0.021
    8.860    8.920    9.641   10.067   11.318   12.174   12.229   12.252   12.346   12.490
   13.434   13.770   17.096   18.337   18.792
            0.150000  0.000000  0.000000
  -89.041  -49.656  -49.327  -49.327  -17.412   -6.599   -5.107   -2.871   -1.321   -0.001
    8.711    8.826    9.566    9.998   11.433   12.177   12.295   12.322   12.358   12.492
   13.039   13.728   16.992   18.323   18.733
            0.200000  0.000000  0.000000
  -89.041  -49.654  -49.328  -49.327  -17.380   -6.971   -5.197   -2.855   -0.518    0.024
    8.542    8.711    9.467    9.920   11.567   12.148   12.181   12.371   12.377   12.457
   12.822   13.678   16.773   18.352   18.735
            0.250000  0.000000  0.000000
  -89.041  -49.655  -49.333  -49.326  -17.343   -7.341   -5.242   -2.837    0.053    0.324
    8.373    8.587    9.353    9.845   11.482   11.755   12.185   12.384   12.465   12.473
   12.913   13.626   16.449   18.418   18.809
            0.300000  0.000000  0.000000
  -89.041  -49.653  -49.331  -49.328  -17.306   -7.673   -5.263   -2.819    0.082    1.180
    8.219    8.466    9.236    9.780   10.740   11.892   12.190   12.395   12.493   12.551
   13.074   13.578   16.071   18.520   18.942
            0.350000  0.000000  0.000000
  -89.041  -49.654  -49.332  -49.329  -17.272   -7.946   -5.274   -2.802    0.109    2.016
    8.090    8.360    9.129    9.727    9.950   12.038   12.194   12.404   12.508   12.626
   13.245   13.535   15.690   18.636   19.087
            0.400000  0.000000  0.000000
  -89.041  -49.649  -49.327  -49.325  -17.244   -8.148   -5.278   -2.789    0.130    2.773
    7.991    8.277    9.044    9.212    9.688   12.165   12.198   12.413   12.523   12.686
   13.409   13.506   15.355   18.758   19.321
            0.450000  0.000000  0.000000
  -89.041  -49.649  -49.327  -49.325  -17.226   -8.273   -5.279   -2.781    0.144    3.346
    7.924    8.225    8.650    8.989    9.664   12.200   12.247   12.418   12.532   12.723
   13.487   13.540   15.108   18.848   19.326
            0.500000  0.000000  0.000000
  -89.041  -49.650  -49.332  -49.327  -17.220   -8.315   -5.280   -2.778    0.149    3.570
    7.897    8.207    8.433    8.970    9.656   12.200   12.276   12.417   12.535   12.734
   13.480   13.594   15.011   18.876   19.318
            0.483333  0.033333  0.000000
  -89.041  -49.650  -49.330  -49.327  -17.218   -8.309   -5.361   -2.674    0.150    3.546
    7.884    8.056    8.623    8.969    9.647   12.206   12.277   12.408   12.537   12.734
   13.439   13.606   15.029   18.867   19.317
            0.466667  0.066667  0.000000
  -89.041  -49.652  -49.332  -49.329  -17.213   -8.293   -5.573   -2.398    0.155    3.477
    7.704    8.040    8.894    8.967    9.618   12.221   12.274   12.381   12.544   12.729
   13.320   13.638   15.078   18.830   19.303
            0.450000  0.100000  0.000000
  -89.041  -49.652  -49.330  -49.329  -17.204   -8.266   -5.857   -2.008    0.163    3.367
    7.455    8.137    8.965    9.163    9.572   12.249   12.259   12.353   12.560   12.722
   13.131   13.677   15.167   18.775   19.280
            0.433333  0.133333  0.000000
  -89.041  -49.654  -49.331  -49.330  -17.192   -8.229   -6.168   -1.547    0.173    3.221
    7.213    8.274    8.962    9.416    9.511   12.211   12.285   12.335   12.586   12.711
   12.887   13.716   15.299   18.683   19.241
            0.416667  0.166666  0.000000
  -89.041  -49.654  -49.332  -49.330  -17.179   -8.181   -6.482   -1.042    0.185    3.044
    6.990    8.436    8.960    9.439    9.646   12.112   12.315   12.330   12.609   12.651
   12.698   13.747   15.477   18.545   19.211
            0.400000  0.200000  0.000000
  -89.041  -49.656  -49.329  -49.329  -17.163   -8.125   -6.785   -0.508    0.198    2.844
    6.790    8.613    8.959    9.360    9.847   11.899   12.269   12.379   12.474   12.681
   12.684   13.773   15.698   18.340   19.013
            0.383333  0.233333  0.000000
  -89.041  -49.655  -49.331  -49.327  -17.146   -8.059   -7.069    0.043    0.212    2.627
    6.617    8.790    8.958    9.278   10.013   11.554   12.216   12.427   12.432   12.668
   12.739   13.799   15.958   18.064   18.943
            0.366666  0.266666  0.000000
  -89.041  -49.656  -49.331  -49.327  -17.130   -7.987   -7.327    0.226    0.598    2.401
    6.474    8.947    8.959    9.200   10.143   11.156   12.182   12.414   12.485   12.650
   12.796   13.836   16.249   17.724   18.893
            0.350000  0.300000  0.000000
  -89.041  -49.655  -49.329  -49.326  -17.115   -7.915   -7.548    0.239    1.129    2.190
    6.362    8.958    9.046    9.131   10.238   10.780   12.164   12.410   12.536   12.634
   12.844   13.895   16.562   17.349   18.863
            0.333333  0.333333  0.000000
  -89.041  -49.655  -49.327  -49.326  -17.102   -7.884   -7.688    0.249    1.496    2.126
    6.283    8.947    9.017    9.085   10.274   10.540   12.161   12.407   12.568   12.628
   12.872   13.980   16.812   17.035   18.843
            0.300000  0.300000  0.000000
  -89.041  -49.658  -49.330  -49.328  -17.150   -7.730   -7.453    0.210    0.882    1.566
    6.545    9.028    9.215    9.356   10.488   10.984   12.134   12.427   12.509   12.584
   12.802   13.606   16.832   17.269   18.853
            0.266666  0.266666  0.000000
  -89.041  -49.655  -49.329  -49.328  -17.201   -7.550   -7.181    0.169    0.280    0.987
    6.840    9.118    9.355    9.443   10.932   11.410   12.077   12.451   12.468   12.533
   12.740   13.283   16.859   17.519   18.818
            0.233333  0.233333  0.000000
  -89.041  -49.655  -49.330  -49.329  -17.252   -7.349   -6.875   -0.301    0.128    0.400
    7.161    9.215    9.405    9.499   11.467   11.758   12.023   12.394   12.477   12.528
   12.687   13.023   16.894   17.775   18.745
            0.200000  0.200000  0.000000
  -89.041  -49.655  -49.335  -49.327  -17.300   -7.128   -6.539   -0.855   -0.186    0.089
    7.501    9.315    9.328    9.642   11.797   11.993   12.156   12.338   12.417   12.597
   12.654   12.864   16.937   18.029   18.637
            0.166666  0.166666  0.000000
  -89.041  -49.656  -49.332  -49.326  -17.345   -6.894   -6.177   -1.373   -0.764    0.053
    7.848    9.242    9.413    9.776   11.677   12.288   12.291   12.357   12.409   12.553
   12.699   12.965   16.988   18.268   18.532
            0.133333  0.133333  0.000000
  -89.041  -49.656  -49.332  -49.327  -17.384   -6.655   -5.793   -1.847   -1.327    0.022
    8.187    9.163    9.505    9.896   11.540   12.246   12.298   12.338   12.440   12.504
   13.007   13.210   17.041   18.430   18.477
            0.100000  0.100000  0.000000
  -89.041  -49.654  -49.327  -49.324  -17.416   -6.425   -5.399   -2.261   -1.862   -0.004
    8.501    9.096    9.586    9.996   11.413   12.213   12.248   12.333   12.348   12.501
   13.343   13.450   17.088   18.367   18.653
            0.066667  0.066667  0.000000
  -89.041  -49.654  -49.328  -49.325  -17.439   -6.223   -5.015   -2.594   -2.348   -0.023
    8.762    9.045    9.649   10.071   11.306   12.191   12.205   12.244   12.343   12.489
   13.598   13.642   17.114   18.356   18.775
            0.033333  0.033333  0.000000
  -89.041  -49.655  -49.331  -49.326  -17.454   -6.081   -4.691   -2.816   -2.733   -0.035
    8.939    9.013    9.689   10.117   11.234   12.175   12.177   12.182   12.336   12.480
   13.755   13.765   17.124   18.393   18.878
            0.000000  0.000000  0.000000
  -89.041  -49.654  -49.331  -49.331  -17.458   -6.029   -4.549   -2.895   -2.895   -0.039
    9.003    9.003    9.703   10.133   11.207   12.161   12.169   12.169   12.332   12.476
   13.807   13.807   17.124   18.425   18.883
            0.000000  0.000000  0.059414
  -89.041  -49.653  -49.332  -49.332  -17.453   -6.026   -4.545   -2.891   -2.891   -0.100
    8.997    8.997    9.659   10.048   11.349   12.180   12.180   12.193   12.336   12.502
   13.814   13.814   17.190   18.427   18.725
            0.000000  0.000000  0.118828
  -89.041  -49.653  -49.326  -49.326  -17.437   -6.017   -4.532   -2.878   -2.878   -0.274
    8.983    8.983    9.538    9.856   11.688   12.215   12.215   12.304   12.352   12.578
   13.834   13.834   17.382   18.306   18.435
            0.000000  0.000000  0.178242
  -89.041  -49.654  -49.327  -49.327  -17.411   -6.004   -4.513   -2.857   -2.857   -0.533
    8.960    8.960    9.361    9.624   12.025   12.269   12.269   12.371   12.598   12.677
   13.865   13.865   17.680   17.757   17.757
            0.000000  0.000000  0.237656
  -89.041  -49.655  -49.327  -49.327  -17.379   -5.987   -4.487   -2.832   -2.832   -0.840
    8.931    8.931    9.156    9.379   12.230   12.341   12.341   12.395   12.787   13.146
   13.905   13.905   17.177   17.177   18.047
            0.000000  0.000000  0.297070
  -89.041  -49.653  -49.325  -49.325  -17.342   -5.969   -4.459   -2.803   -2.803   -1.160
    8.901    8.901    8.947    9.141   12.381   12.423   12.426   12.426   12.895   13.822
   13.951   13.951   16.624   16.624   18.478
            0.000000  0.000000  0.356484
  -89.041  -49.658  -49.326  -49.326  -17.305   -5.950   -4.430   -2.774   -2.774   -1.462
    8.751    8.871    8.871    8.923   12.450   12.513   12.517   12.517   12.987   13.996
   13.996   14.539   16.127   16.127   18.507
            0.000000  0.000000  0.415898
  -89.041  -49.667  -49.331  -49.331  -17.272   -5.933   -4.404   -2.748   -2.748   -1.721
    8.585    8.738    8.845    8.845   12.473   12.604   12.604   12.627   13.060   14.039
   14.039   15.257   15.708   15.708   18.529
            0.000000  0.000000  0.475312
  -89.041  -49.672  -49.333  -49.333  -17.245   -5.919   -4.383   -2.727   -2.727   -1.919
    8.459    8.598    8.825    8.825   12.492   12.683   12.683   12.718   13.114   14.077
   14.077   15.386   15.386   15.964   18.551
            0.000000  0.000000  0.534726
  -89.041  -49.674  -49.335  -49.335  -17.227   -5.910   -4.369   -2.713   -2.713   -2.043
    8.381    8.511    8.812    8.812   12.505   12.740   12.740   12.777   13.144   14.102
   14.102   15.180   15.180   16.639   18.144
            0.000000  0.000000  0.594140
  -89.041  -49.671  -49.331  -49.331  -17.221   -5.907   -4.364   -2.708   -2.708   -2.085
    8.355    8.482    8.808    8.808   12.510   12.763   12.763   12.799   13.157   14.114
   14.114   15.109   15.109   17.094   17.718
            0.050000  0.000000  0.594140
  -89.041  -49.671  -49.334  -49.334  -17.216   -5.967   -4.510   -2.706   -2.454   -2.079
    8.332    8.464    8.789    8.804   12.497   12.730   12.765   12.798   13.143   14.025
   14.095   15.142   15.168   17.122   17.772
            0.100000  0.000000  0.594140
  -89.041  -49.672  -49.334  -49.333  -17.200   -6.154   -4.758   -2.697   -2.061   -1.872
    8.224    8.462    8.736    8.795   12.462   12.630   12.772   12.797   13.110   13.771
   14.046   15.239   15.326   17.218   17.929
            0.150000  0.000000  0.594140
  -89.041  -49.673  -49.335  -49.334  -17.175   -6.456   -4.939   -2.684   -2.034   -1.146
    8.031    8.493    8.654    8.778   12.409   12.452   12.784   12.794   13.062   13.391
   13.975   15.392   15.532   17.397   18.171
            0.200000  0.000000  0.594140
  -89.041  -49.671  -49.332  -49.330  -17.143   -6.817   -5.042   -2.667   -1.999   -0.346
    7.797    8.543    8.552    8.755   12.137   12.348   12.791   12.802   12.985   13.013
   13.894   15.591   15.730   17.674   18.501
            0.250000  0.000000  0.594140
  -89.041  -49.665  -49.329  -49.327  -17.107   -7.178   -5.097   -2.648   -1.960    0.496
    7.551    8.441    8.603    8.725   11.600   12.286   12.689   12.782   12.824   12.967
   13.811   15.826   15.888   18.039   18.838
            0.300000  0.000000  0.594140
  -89.041  -49.667  -49.329  -49.325  -17.071   -7.504   -5.127   -2.629   -1.920    1.353
    7.319    8.332    8.666    8.681   10.903   12.228   12.500   12.761   12.846   12.930
   13.734   15.999   16.085   18.445   18.685
            0.350000  0.000000  0.594140
  -89.041  -49.666  -49.333  -49.328  -17.037   -7.773   -5.144   -2.611   -1.883    2.192
    7.119    8.235    8.606    8.724   10.174   12.177   12.373   12.730   12.868   12.909
   13.667   16.071   16.353   18.501   18.827
            0.400000  0.000000  0.594140
  -89.041  -49.665  -49.334  -49.328  -17.009   -7.973   -5.154   -2.598   -1.853    2.959
    6.966    8.159    8.457    8.772    9.561   12.140   12.286   12.698   12.888   12.898
   13.614   16.117   16.610   18.314   18.854
            0.450000  0.000000  0.594140
  -89.041  -49.666  -49.336  -49.324  -16.991   -8.096   -5.158   -2.589   -1.833    3.545
    6.870    8.111    8.207    8.804    9.221   12.116   12.236   12.675   12.894   12.901
   13.581   16.142   16.816   18.147   18.807
            0.500000  0.000000  0.594140
  -89.041  -49.668  -49.337  -49.326  -16.985   -8.137   -5.160   -2.586   -1.827    3.776
    6.838    8.062    8.094    8.815    9.131   12.108   12.218   12.666   12.892   12.905
   13.569   16.150   16.901   18.071   18.787
            0.483333  0.033333  0.594140
  -89.041  -49.665  -49.334  -49.325  -16.983   -8.132   -5.239   -2.485   -1.825    3.751
    6.846    8.045    8.092    8.792    9.176   12.120   12.219   12.668   12.893   12.901
   13.535   16.128   16.901   18.091   18.793
            0.466667  0.066667  0.594140
  -89.041  -49.662  -49.330  -49.322  -16.978   -8.117   -5.445   -2.214   -1.821    3.679
    6.871    7.934    8.161    8.726    9.292   12.151   12.220   12.672   12.883   12.892
   13.429   16.062   16.905   18.133   18.808
            0.450000  0.100000  0.594140
  -89.041  -49.664  -49.330  -49.325  -16.969   -8.092   -5.723   -1.829   -1.813    3.565
    6.911    7.787    8.273    8.622    9.444   12.194   12.217   12.678   12.848   12.887
   13.257   15.958   16.920   18.175   18.824
            0.433333  0.133333  0.594140
  -89.041  -49.664  -49.332  -49.325  -16.957   -8.057   -6.029   -1.803   -1.373    3.413
    6.965    7.629    8.419    8.489    9.609   12.211   12.246   12.687   12.790   12.879
   13.036   15.829   16.951   18.214   18.859
            0.416667  0.166666  0.594140
  -89.041  -49.664  -49.331  -49.326  -16.943   -8.013   -6.339   -1.791   -0.871    3.232
    7.033    7.474    8.334    8.588    9.772   12.188   12.299   12.652   12.697   12.842
   12.869   15.689   16.999   18.234   18.904
            0.400000  0.200000  0.594140
  -89.041  -49.663  -49.332  -49.324  -16.927   -7.959   -6.639   -1.778   -0.340    3.027
    7.113    7.329    8.166    8.769    9.926   12.085   12.349   12.440   12.710   12.746
   12.855   15.549   17.062   18.237   18.972
            0.383333  0.233333  0.594140
  -89.041  -49.663  -49.332  -49.324  -16.910   -7.898   -6.920   -1.763    0.209    2.806
    7.201    7.202    7.994    8.947   10.064   11.797   12.351   12.390   12.672   12.723
   12.838   15.418   17.138   18.224   19.039
            0.366666  0.266666  0.594140
  -89.041  -49.664  -49.328  -49.324  -16.894   -7.830   -7.174   -1.749    0.762    2.579
    7.091    7.299    7.823    9.101   10.182   11.427   12.333   12.424   12.603   12.736
   12.819   15.306   17.221   18.203   19.105
            0.350000  0.300000  0.594140
  -89.041  -49.663  -49.330  -49.324  -16.879   -7.764   -7.390   -1.735    1.289    2.369
    7.005    7.399    7.661    9.191   10.272   11.082   12.328   12.444   12.544   12.748
   12.797   15.218   17.306   18.184   19.154
            0.333333  0.333333  0.594140
  -89.041  -49.660  -49.327  -49.324  -16.865   -7.739   -7.526   -1.723    1.651    2.310
    6.943    7.478    7.534    9.155   10.307   10.873   12.317   12.455   12.507   12.752
   12.786   15.159   17.387   18.171   19.168
            0.300000  0.300000  0.594140
  -89.041  -49.666  -49.331  -49.331  -16.914   -7.585   -7.286   -1.769    1.038    1.747
    7.151    7.562    7.625    9.471   10.471   11.287   12.406   12.429   12.602   12.782
   12.792   15.337   17.092   18.205   19.210
            0.266666  0.266666  0.594140
  -89.041  -49.669  -49.332  -49.329  -16.965   -7.407   -7.009   -1.818    0.438    1.167
    7.379    7.665    7.725    9.479   10.925   11.670   12.407   12.535   12.697   12.798
   12.821   15.492   16.791   18.286   19.234
            0.233333  0.233333  0.594140
  -89.041  -49.671  -49.334  -49.331  -17.015   -7.207   -6.699   -1.868   -0.140    0.579
    7.622    7.784    7.832    9.373   11.460   11.986   12.391   12.717   12.798   12.800
   12.864   15.603   16.488   18.403   19.074
            0.200000  0.200000  0.594140
  -89.041  -49.670  -49.335  -49.332  -17.064   -6.988   -6.359   -1.918   -0.691   -0.008
    7.870    7.915    7.942    9.244   11.956   12.218   12.384   12.800   12.911   12.923
   12.965   15.656   16.191   18.398   18.648
            0.166666  0.166666  0.594140
  -89.041  -49.674  -49.334  -49.331  -17.108   -6.757   -5.994   -1.964   -1.206   -0.586
    8.049    8.051    8.112    9.121   12.335   12.382   12.389   12.799   12.964   13.111
   13.246   15.640   15.909   17.987   18.704
            0.133333  0.133333  0.594140
  -89.041  -49.671  -49.335  -49.330  -17.147   -6.521   -5.609   -2.005   -1.675   -1.147
    8.148    8.184    8.337    9.013   12.409   12.511   12.556   12.799   13.016   13.381
   13.520   15.558   15.651   17.627   18.459
            0.100000  0.100000  0.594140
  -89.041  -49.671  -49.333  -49.327  -17.179   -6.294   -5.214   -2.085   -2.039   -1.680
    8.233    8.304    8.530    8.925   12.438   12.616   12.668   12.798   13.069   13.670
   13.761   15.422   15.430   17.370   18.119
            0.066667  0.066667  0.594140
  -89.041  -49.672  -49.334  -49.332  -17.202   -6.097   -4.829   -2.413   -2.164   -2.064
    8.299    8.399    8.680    8.860   12.471   12.693   12.725   12.797   13.113   13.909
   13.949   15.258   15.271   17.206   17.905
            0.033333  0.033333  0.594140
  -89.041  -49.671  -49.334  -49.334  -17.216   -5.958   -4.506   -2.631   -2.547   -2.079
    8.340    8.460    8.775    8.821   12.499   12.744   12.754   12.798   13.144   14.061
   14.071   15.147   15.153   17.119   17.766
            0.000000  0.000000  0.594140
  -89.041  -49.671  -49.331  -49.331  -17.221   -5.907   -4.364   -2.708   -2.708   -2.085
    8.355    8.482    8.808    8.808   12.510   12.763   12.763   12.799   13.157   14.114
   14.114   15.109   15.109   17.094   17.718
